  1         -19.3152350525806        9.62801364263e-007
  2         -19.1070292138355       -5.02069203805e-006
  3         -18.8988233750905        1.25268783953e-005
  4         -18.6906175363455       -1.99324417376e-005
  5         -18.4824116976005        2.29149033546e-005
  6         -18.2742058588555       -2.04737583809e-005
  7         -18.0660000201104        1.49952002937e-005
  8         -17.8577941813654        -9.3750284098e-006
  9         -17.6495883426204        5.20156955323e-006
 10         -17.4413825038754       -2.62939890538e-006
 11         -17.2331766651304        1.26550848081e-006
 12         -17.0249708263853       -5.73156151923e-007
 13         -16.8167649876403        2.76281274155e-007
 14         -16.6085591488953       -1.09963734387e-007
 15         -16.4003533101503         7.3803833028e-008
 16         -16.1921474714053       -9.31614600001e-009
 17         -15.9839416326603        3.87247135578e-008
 18         -15.7757357939152        2.10303178461e-008
 19         -15.5675299551702        4.10556513877e-008
 20         -15.3593241164252        4.13077946246e-008
 21         -15.1511182776802        5.68828741789e-008
 22         -14.9429124389352         6.5954363813e-008
 23         -14.7347066001901        8.40811858728e-008
 24         -14.5265007614451        1.01532550003e-007
 25         -14.3182949227001        1.26437360082e-007
 26         -14.1100890839551        1.54733678097e-007
 27         -13.9018832452101        1.91218582499e-007
 28          -13.693677406465        2.35008851918e-007
 29           -13.48547156772         2.8975032949e-007
 30          -13.277265728975        3.56550504341e-007
 31           -13.06905989023        4.39299297826e-007
 32          -12.860854051485         5.4079454488e-007
 33         -12.6526482127399        6.66136379541e-007
 34         -12.4444423739949        8.20175040653e-007
 35         -12.2362365352499        1.01015545059e-006
 36         -12.0280306965049        1.24384500153e-006
 37         -11.8198248577599        1.53187399787e-006
 38         -11.6116190190149        1.88633707689e-006
 39         -11.4034131802698        2.32307100992e-006
 40         -11.1952073415248        2.86067883258e-006
 41         -10.9870015027798         3.5229320858e-006
 42         -10.7787956640348        4.33827546442e-006
 43         -10.5705898252898        5.34253613351e-006
 44         -10.3623839865447          6.579062232e-006
 45         -10.1541781477997        8.10198829111e-006
 46          -9.9459723090547        9.97723263578e-006
 47         -9.73776647030968        1.22867312381e-005
 48         -9.52956063156466        1.51305855976e-005
 49         -9.32135479281964        1.86329431672e-005
 50         -9.11314895407463        2.29456891669e-005
 51         -8.90494311532961        2.82570465155e-005
 52         -8.69673727658459        3.47973610445e-005
 53         -8.48853143783957        4.28521099371e-005
 54         -8.28032559909455        5.27705217882e-005
 55         -8.07211976034953         6.4985694366e-005
 56         -7.86391392160451         8.0026966218e-005
 57         -7.65570808285949        9.85515408752e-005
 58         -7.44750224411447         0.000121361571831
 59         -7.23929640536946         0.000149454562334
 60         -7.03109056662444           0.0001840457845
 61         -6.82288472787942         0.000226649641428
 62          -6.6146788891344          0.00027910674889
 63         -6.40647305038938         0.000343716968725
 64         -6.19826721164436         0.000423267056591
 65         -5.99006137289934         0.000521251001943
 66         -5.78185553415432         0.000641886194381
 67          -5.5736496954093         0.000790483105615
 68         -5.36544385666429         0.000973420647376
 69         -5.15723801791927          0.00119877439042
 70         -4.94903217917425          0.00147618560844
 71         -4.74082634042923          0.00181794224454
 72         -4.53262050168421          0.00223860214971
 73         -4.32441466293919          0.00275687537633
 74         -4.11620882419417          0.00339471308297
 75         -3.90800298544915          0.00418062141752
 76         -3.69979714670413          0.00514762977308
 77         -3.49159130795912          0.00633918155348
 78          -3.2833854692141          0.00780480111772
 79         -3.07517963046908          0.00961064602702
 80         -2.86697379172406           0.0118304971234
 81         -2.65876795297904           0.0145647517743
 82         -2.45056211423402           0.0179219149417
 83           -2.242356275489           0.0220527911163
 84         -2.03415043674398           0.0271124775541
 85         -1.82594459799896           0.0333214363101
 86         -1.61773875925394           0.0408864842127
 87         -1.40953292050893           0.0501074356716
 88         -1.20132708176391           0.0612084049407
 89        -0.993121243018886           0.0745146949048
 90        -0.784915404273867           0.0900780900611
 91         -0.57670956552885            0.107940155413
 92        -0.368503726783828            0.127267746478
 93        -0.160297888038811            0.146676027814
 94        0.0479079507062064             0.16225427655
 95         0.256113789451228            0.168045766353
 96         0.464319628196245            0.152383204788
 97         0.672525466941267            0.101214136498
 98         0.880731305686284         -0.00244389126667
 99           1.0889371444313           -0.154078468398
100          1.29714298317632           -0.303214415655
101          1.50534882192134           -0.297674373379
102          1.71355466066636          0.00793541259524
103          1.92176049941138            0.426273267393
104           2.1299663381564            0.100032384844
105          2.33817217690142           -0.494117404043
106          2.54637801564644            0.392604878741
107          2.75458385439145           -0.190111691178
108          2.96278969313647           0.0743654896362
109          3.17099553188149          -0.0278508428343
110          3.37920137062651           0.0109992061155
111          3.58740720937153         -0.00469798719697
112          3.79561304811655          0.00212587632706
113          4.00381888686157        -0.000981986734159
114          4.21202472560659         0.000444992546836
115          4.42023056435161        -0.000189983519162
116          4.62843640309663        7.31024164292e-005
117          4.83664224184164       -2.40057837293e-005
118          5.04484808058666        6.23096824846e-006
119          5.25305391933168       -1.12363896552e-006
120           5.4612597580767        1.04470606055e-007