0   +6.10127    -0.000027
1   +5.87102    +0.000076
2   +5.64076    -0.000108
3   +5.41050    +0.000153
4   +5.18024    -0.000217
5   +4.94998    +0.000310
6   +4.71972    -0.000452
7   +4.48946    +0.000675
8   +4.25921    -0.001045
9   +4.02895    +0.001700
10  +3.79869	-0.002963
11  +3.56843    +0.005663
12  +3.33817    -0.012206
13  +3.10791    +0.030064
14  +2.87765    -0.081326
15  +2.64740    +0.212971
16  +2.41714    -0.436805
17  +2.18688    +0.490173
18  +1.95662    +0.042627
19  +1.72636    -0.436636
20  +1.49610    -0.224132
21  +1.26585    +0.094492
22  +1.03559    +0.263266
23  +0.80533    +0.282800
24  +0.57507    +0.238269
25  +0.34481    +0.176502
26  +0.11455    +0.123415
27  -0.11571    +0.082413
28  -0.34596    +0.054221
29  -0.57622    +0.034864
30  -0.80648    +0.022436
31  -1.03674    +0.014211
32  -1.26700    +0.009069
33  -1.49726    +0.005713
34  -1.72752    +0.003628
35  -1.95777    +0.002289
36  -2.18803    +0.001440
37  -2.41829    +0.000922
38  -2.64855    +0.000563
39  -2.87881    +0.000378
40  -3.10907    +0.000213
41  -3.33932    +0.000163
42  -3.56958    +0.000072
43  -3.79984    +0.000077
44  -4.03010    +0.000016
45  -4.26036    +0.000044
46  -4.49062    +0.000025














        