  1         -18.2134922721908       -6.76671159511e-014
  2         -18.0109404378422        3.39808396836e-013
  3         -17.8083886034935       -7.43411889153e-013
  4         -17.6058367691449        8.93613024469e-013
  5         -17.4032849347962       -5.47341591896e-013
  6         -17.2007331004476       -5.84920181906e-014
  7         -16.9981812660989        5.20780672883e-013
  8         -16.7956294317503       -6.92656254606e-013
  9         -16.5930775974016        6.88908045074e-013
 10          -16.390525763053       -6.39910528298e-013
 11         -16.1879739287043         5.8209891253e-013
 12         -15.9854220943557       -4.84912700478e-013
 13          -15.782870260007        3.54684337858e-013
 14         -15.5803184256584       -2.10855291368e-013
 15         -15.3777665913097        1.00452749275e-013
 16         -15.1752147569611        5.58449957721e-015
 17         -14.9726629226124       -5.67206735175e-014
 18         -14.7701110882638        1.09107856853e-013
 19         -14.5675592539151       -6.04067500756e-014
 20         -14.3650074195665        8.84512134731e-014
 21         -14.1624555852178        2.22321981827e-014
 22         -13.9599037508692        8.38072239207e-014
 23         -13.7573519165205          1.236478359e-013
 24         -13.5548000821719        1.44351787234e-013
 25         -13.3522482478232        2.94276480713e-013
 26         -13.1496964134746        3.39965995918e-013
 27          -12.947144579126         6.1702467234e-013
 28         -12.7445927447773        8.25310217692e-013
 29         -12.5420409104287        1.32560792613e-012
 30           -12.33948907608        1.90949961267e-012
 31         -12.1369372417314        2.93458179767e-012
 32         -11.9343854073827        4.33454210095e-012
 33         -11.7318335730341        6.55863288798e-012
 34         -11.5292817386854        9.78324910827e-012
 35         -11.3267299043368        1.47126365223e-011
 36         -11.1241780699881        2.20240108708e-011
 37         -10.9216262356395        3.30577485691e-011
 38         -10.7190744012908         4.9537738148e-011
 39         -10.5165225669422        7.43047574433e-011
 40         -10.3139707325935        1.11400535181e-010
 41         -10.1114188982449        1.67052734516e-010
 42         -9.90886706389621        2.50470107577e-010
 43         -9.70631522954756         3.7559721163e-010
 44         -9.50376339519891        5.63165204681e-010
 45         -9.30121156085026        8.44458166896e-010
 46         -9.09865972650161        1.26621795331e-009
 47         -8.89610789215296        1.89866561359e-009
 48         -8.69355605780431        2.84693620927e-009
 49         -8.49100422345566        4.26886170263e-009
 50         -8.28845238910701        6.40104325574e-009
 51         -8.08590055475836        9.59798498616e-009
 52         -7.88334872040971        1.43918931885e-008
 53         -7.68079688606107        2.15798696769e-008
 54         -7.47824505171242         3.2358460081e-008
 55         -7.27569321736377        4.85195105813e-008
 56         -7.07314138301512        7.27538583183e-008
 57         -6.87058954866647        1.09090191748e-007
 58         -6.66803771431782        1.63577866557e-007
 59         -6.46548587996917         2.4527519392e-007
 60         -6.26293404562052         3.6778445873e-007
 61         -6.06038221127187        5.51470341585e-007
 62         -5.85783037692322        8.26916206192e-007
 63         -5.65527854257457        1.23991037294e-006
 64         -5.45272670822592        1.85921554669e-006
 65         -5.25017487387727        2.78777669034e-006
 66         -5.04762303952862        4.18019870272e-006
 67         -4.84507120517997        6.26794044911e-006
 68         -4.64251937083132        9.39858833064e-006
 69         -4.43996753648267        1.40925408889e-005
 70         -4.23741570213402        2.11312291505e-005
 71         -4.03486386778537          3.168463429e-005
 72         -3.83231203343673        4.75093313246e-005
 73         -3.62976019908808        7.12354794719e-005
 74         -3.42720836473943          0.00010681084846
 75         -3.22465653039078         0.000160146590551
 76         -3.02210469604213         0.000240110903628
 77         -2.81955286169348         0.000359981158972
 78         -2.61700102734483         0.000539658308918
 79         -2.41444919299618         0.000808925141201
 80         -2.21189735864753          0.00121234066243
 81         -2.00934552429888          0.00181650387595
 82         -1.80679368995023          0.00272068483151
 83         -1.60424185560158          0.00407274689463
 84         -1.40169002125293          0.00609135552241
 85         -1.19913818690428          0.00909940027636
 86        -0.996586352555631           0.0135660714813
 87        -0.794034518206981           0.0201692550906
 88        -0.591482683858332           0.0298534800308
 89        -0.388930849509682            0.043906069722
 90        -0.186379015161034           0.0639211368217
 91        0.0161728191876157           0.0916763946228
 92         0.218724653536265            0.128368795114
 93         0.421276487884916            0.173241920046
 94         0.623828322233565            0.219830379079
 95         0.826380156582215            0.251193131178
 96          1.02893199093086            0.232380049895
 97          1.23148382527951            0.117121080205
 98          1.43403565962816           -0.117252913088
 99          1.63658749397681           -0.352148528535
100          1.83913932832546            -0.27116287137
101          2.04169116267411             0.29113474711
102          2.24424299702276            0.317192840623
103          2.44679483137141           -0.493075681595
104          2.64934666572006            0.311223091821
105          2.85189850006871           -0.136044122543
106          3.05445033441736           0.0512141261934
107          3.25700216876601          -0.0190806300761
108          3.45955400311466          0.00757044398633
109           3.6621058374633         -0.00325432753751
110          3.86465767181195          0.00149774676371
111           4.0672095061606        -0.000724569558272
112          4.26976134050925         0.000362792644965
113           4.4723131748579        -0.000185907973641
114          4.67486500920655        9.67201396593e-005
115           4.8774168435552       -5.07744171678e-005
116          5.07996867790385        2.67510121456e-005
117           5.2825205122525       -1.40667136728e-005
118          5.48507234660115        7.33363699547e-006
119           5.6876241809498        -3.7563876705e-006
120          5.89017601529845         1.8634421128e-006
121           6.0927278496471       -8.71623576811e-007
122          6.29527968399575        3.61028200288e-007
123           6.4978315183444       -1.05847108097e-007
124          6.70038335269305        -1.5156936149e-008
125           6.9029351870417         6.6763324142e-008
126          7.10548702139035       -8.33741579804e-008
127            7.308038855739        8.31065906136e-008
128          7.51059069008764       -7.53457009758e-008
129          7.71314252443629        6.48057680299e-008
130          7.91569435878494       -5.37558016587e-008
131          8.11824619313359        4.32436265303e-008
132          8.32079802748224       -3.37262648712e-008
133          8.52334986183089        2.53558687098e-008
134          8.72590169617954       -1.81287021528e-008
135          8.92845353052819        1.20228328586e-008
136          9.13100536487684       -7.10898040664e-009
137          9.33355719922549        3.53667004588e-009
138          9.53610903357414       -1.36030600198e-009
139          9.73866086792279        3.52544249042e-010
140          9.94121270227144       -4.53719284366e-011